-0.207475011675197
-0.193889595434154
0.0824790407325878
-0.00842370509672645
-0.562768976031842
-0.552698493196792
-0.116163182339926
0.0966736054088405
0.322733946796176
-0.108439075661502
0.664919068973368
-0.330907553888307
-0.621650001518658
-0.326150183034141
0.367755126096429
-0.263992683367507
-0.00200511344723914
0.165068231739647
-0.382878375912645
-0.328714644729256
0.488555534051054
-0.382202285276581
0.736118224978127
-0.175521730826338
0.148392719854801
-0.370424613015604
0.406951835095146
-0.00020900190633448
-0.522812420620349
0.256164313047056
0.541068676570862
0.239042417846345
-0.103024847029819
0.178836435262735
-0.290403947453415
0.302037634365504
0.305765267817605
-0.205204496356691
-0.0604603450795809
1.02754081543862
0.0541220721050727
-0.497838276955909
0.598838230001511
-0.11455678778585
0.506911529782259
0.220301762062157
-0.106786491752979
0.319759530630295
0.0370741209658052
-0.0994712461403018
-0.216645767813776
-0.444080949976997
0.231445994197025
-0.128472964143625
0.221605125907007
0.0435073939805757
-0.396190000415532
-0.249610321287812
-0.235966349496263
0.252606742478985
-0.362811613192917
-0.258594842150683
-0.0513181704479784
-0.472898165749851
-0.253647044157838
-0.0443225839914196
0.0653510187625593
0.259671955259256
0.269966294527561
-0.220682012046444
-0.644482378798675
-0.135681808618067
-0.0520804235969039
0.501142674899851
-0.140158927111378
-0.274042672322343
0.204331640979147
0.392538894690586
0.950246752637509
0.404036483361121
-0.265519501981849
0.298265811869491
-0.158060538061612
0.353834309261103
-0.194942870814908
0.278937199457059
-0.157191702663159
-0.503918089437492
-0.0705088696448125
-0.493122060491687
-0.540550521582415
1.35393633144674
0.0904853430146332
0.316912674544608
0.561423699045713
-0.226511345463501
0.169878963641065
-0.155898402794696
-0.0262100561528879
-0.0731154313100638
-0.629859681257008
-0.0965224675742428
-0.637549868247993
0.388090518010438
-0.260192493535563
0.359697620908688
-0.301554348286227
0.557944728803589
0.0631553737435522
-0.258236869935482
1.02366023805623
0.0470668319160412
-0.166106197474209
-0.508052862690341
-0.23231167852196
-0.183494925105158
0.172613175325628
-0.271303714142273
0.0899776332183952
-0.590435298386556
